50
32 0 0 200
32 0 0 200
64 0 0 410
7 500 200 200
8 450 300 500
9 600 400 300
15 600 700 150
20 700 700 200
5 140 100 800
5 100 150 700
9 600 400 300
3 200 0 300
10 550 700 200
40 0 0 200
32 0 0 200
64 0 0 410
7 500 200 200
8 450 300 500
9 600 400 300
15 600 700 150
20 700 700 200
5 140 100 80
5 100 150 70
32 0 0 200
32 0 0 200
64 0 0 410
7 500 200 200
8 450 300 500
9 600 400 300
15 600 700 150
20 700 700 200
5 140 100 800
5 100 150 700
9 600 400 300
15 600 700 150
20 700 700 200
32 0 0 200
32 0 0 200
64 0 0 410
7 500 200 200
8 450 300 500
9 600 400 300
15 600 700 150
20 700 700 200
5 140 100 80
5 100 150 70
32 0 0 200
32 0 0 200
64 0 0 410
7 500 200 200
